351.894
358.796
360.009
364.956
367.759
350.29
350.686
353.402
353.581
352.881
352.246
351.444
354.647
354.728
353.866
350.544
349.722
348.383
391.744
357.769
357.498
364.115
363.228
343.61
337.793
345.493
339.709
336.537
336.515
338.394
338.363
340.702
341.19
340.16
342.321
342.014
352.706
349.027
382.96
399.631
365.302
367.488
359.084
356.954
375.941
362.488
361.929
382.586
360.273
383.002
361.947
338.162
339.326
337.691
341.693
340.076
336.25
340.595
342.355
347.382
355.102
378.939
370.121
364.998
352.875
349.33
368.653
366.173
348.306
341.808
